Vertex Count: 180

Data:

0.213499 -0.035959 -27.4067 0.00729 0.994362 0.4971 -0.0371 0.8669
0.213499 26.0512 -26.2893 0.007292 0.063873 0.496 -0.0381 0.8675
-0.213499 -0.035959 -27.4067 0.030578 0.995299 -0.4971 -0.0371 0.8669
-0.213499 -0.035959 -27.4067 0.030578 0.995299 -0.4971 -0.0371 0.8669
-0.213499 26.0512 -26.2893 0.030578 0.062936 -0.7469 0.6358 0.1946
-0.426998 -0.012279 -27.776 0.05637 0.996026 -1 -0.0003 0.0067
-0.426998 -0.012279 -27.776 0.05637 0.996026 -1 -0.0003 0.0067
-0.426998 26.0749 -26.6586 0.05637 0.062209 -0.509 0.67 -0.5404
-0.213499 0.0114 -28.1453 0.085773 0.996325 -0.503 0.037 -0.8635
-0.213499 0.0114 -28.1453 0.085773 0.996325 -0.503 0.037 -0.8635
-0.213499 26.0986 -27.0279 0.085771 0.061911 0.2539 0.6769 -0.6909
0.213499 0.0114 -28.1453 0.115174 0.996026 0.503 0.037 -0.8635
0.213499 26.0986 -27.0279 0.115174 0.062209 0.7514 0.6507 -0.1094
0.426998 26.0749 -26.6586 0.140966 0.062936 1 0.0017 -0.0067
0.213499 0.0114 -28.1453 0.115174 0.996026 0.503 0.037 -0.8635
0.426998 26.0749 -26.6586 0.140966 0.062936 1 0.0017 -0.0067
0.213499 26.0512 -26.2893 0.164254 0.063873 0.496 -0.0381 0.8675
0.426998 -0.012279 -27.776 0.140965 0.995299 1 -0.0003 0.0067
0 26.0749 -26.6586 0.031619 0.029614 0 0.998 0.064
-0.213499 26.0512 -26.2893 0.019524 0.00769597 -0.7469 0.6358 0.1946
0.213499 26.0512 -26.2893 0.043715 0.00769597 0.496 -0.0381 0.8675
0 26.0749 -26.6586 0.031619 0.029614 0 0.998 0.064
-0.426998 26.0749 -26.6586 0.007428 0.028647 -0.509 0.67 -0.5404
-0.213499 26.0512 -26.2893 0.019524 0.00769597 -0.7469 0.6358 0.1946
0 26.0749 -26.6586 0.031619 0.029614 0 0.998 0.064
-0.213499 26.0986 -27.0279 0.019524 0.049597 0.2539 0.6769 -0.6909
-0.426998 26.0749 -26.6586 0.007428 0.028647 -0.509 0.67 -0.5404
0 26.0749 -26.6586 0.031619 0.029614 0 0.998 0.064
0.213499 26.0986 -27.0279 0.043715 0.049597 0.7514 0.6507 -0.1094
-0.213499 26.0986 -27.0279 0.019524 0.049597 0.2539 0.6769 -0.6909
0 26.0749 -26.6586 0.031619 0.029614 0 0.998 0.064
0.426998 26.0749 -26.6586 0.055811 0.028647 1 0.0017 -0.0067
0.213499 26.0986 -27.0279 0.043715 0.049597 0.7514 0.6507 -0.1094
0 26.0749 -26.6586 0.031619 0.029614 0 0.998 0.064
0.213499 26.0512 -26.2893 0.043715 0.00769597 0.496 -0.0381 0.8675
0.426998 26.0749 -26.6586 0.055811 0.028647 1 0.0017 -0.0067
0.213499 0.047363 28.1453 0.00729 0.994362 0.503 0.037 0.8635
0.213499 26.1345 27.0279 0.007292 0.063873 0.5043 0.038 0.8627
-0.213499 0.047363 28.1453 0.030578 0.995299 -0.503 0.037 0.8635
-0.213499 26.1345 27.0279 0.030578 0.062936 -0.7514 0.6507 0.1094
-0.426998 26.1108 26.6586 0.05637 0.062209 -1 0.0017 0.0067
-0.213499 0.047363 28.1453 0.030578 0.995299 -0.503 0.037 0.8635
-0.426998 26.1108 26.6586 0.05637 0.062209 -1 0.0017 0.0067
-0.213499 26.0872 26.2893 0.085771 0.061911 -0.5031 -0.0379 -0.8634
-0.426998 0.023684 27.776 0.05637 0.996026 -1 -0.0003 -0.0068
-0.213499 4e-006 27.4067 0.085773 0.996325 -0.4971 -0.0371 -0.8669
-0.213499 26.0872 26.2893 0.085771 0.061911 -0.5031 -0.0379 -0.8634
0.213499 4e-006 27.4067 0.115174 0.996026 0.4971 -0.0371 -0.8669
0.213499 4e-006 27.4067 0.115174 0.996026 0.4971 -0.0371 -0.8669
0.213499 26.0872 26.2893 0.115174 0.062209 0.7469 0.6358 -0.1946
0.426998 0.023684 27.776 0.140965 0.995299 1 -0.0003 -0.0068
0.426998 0.023684 27.776 0.140965 0.995299 1 -0.0003 -0.0068
0.426998 26.1108 26.6586 0.140966 0.062936 0.509 0.67 0.5404
0.213499 0.047363 28.1453 0.164252 0.994362 0.503 0.037 0.8635
0 26.1108 26.6586 0.031619 0.029614 0 0.998 -0.064
-0.213499 26.1345 27.0279 0.019524 0.00769597 -0.7514 0.6507 0.1094
0.213499 26.1345 27.0279 0.043715 0.00769597 0.5043 0.038 0.8627
0 26.1108 26.6586 0.031619 0.029614 0 0.998 -0.064
-0.426998 26.1108 26.6586 0.007428 0.028647 -1 0.0017 0.0067
-0.213499 26.1345 27.0279 0.019524 0.00769597 -0.7514 0.6507 0.1094
0 26.1108 26.6586 0.031619 0.029614 0 0.998 -0.064
-0.213499 26.0872 26.2893 0.019524 0.049597 -0.5031 -0.0379 -0.8634
-0.426998 26.1108 26.6586 0.007428 0.028647 -1 0.0017 0.0067
0 26.1108 26.6586 0.031619 0.029614 0 0.998 -0.064
0.213499 26.0872 26.2893 0.043715 0.049597 0.7469 0.6358 -0.1946
-0.213499 26.0872 26.2893 0.019524 0.049597 -0.5031 -0.0379 -0.8634
0 26.1108 26.6586 0.031619 0.029614 0 0.998 -0.064
0.426998 26.1108 26.6586 0.055811 0.028647 0.509 0.67 0.5404
0.213499 26.0872 26.2893 0.043715 0.049597 0.7469 0.6358 -0.1946
0 26.1108 26.6586 0.031619 0.029614 0 0.998 -0.064
0.213499 26.1345 27.0279 0.043715 0.00769597 0.5043 0.038 0.8627
0.426998 26.1108 26.6586 0.055811 0.028647 0.509 0.67 0.5404
-0.102113 25.8177 17.7782 0.995328 1 1 0 -0
-0.102113 25.8177 26.6697 0.177137 1 1 0 -0
-0.102113 18.0992 17.9967 0.995328 0 1 0 -0
-0.102113 25.8177 8.88677 0.995328 0.996862 1 0 -0
-0.102113 25.8177 17.7782 0.177137 0.996862 1 0 -0
-0.102113 18.0992 8.9973 0.995328 -0.00313902 1 0 -0
-0.102113 25.8177 -0.004673 0.995328 1 1 0 -0
-0.102113 25.8177 8.88677 0.177137 1 1 0 -0
-0.102113 18.0992 -0.002086 0.995328 0 1 0 -0
-0.102113 18.0992 -9.00146 0.995328 -0.00313902 1 0 -0
-0.102113 25.8177 -8.89612 0.995328 0.996862 1 0 -0
-0.102113 18.0992 -0.002086 0.177137 -0.00313902 1 0 -0
-0.102113 18.0992 -18.0008 0.995328 0 1 0 -0
-0.102113 25.8177 -17.7876 0.995328 1 1 0 -0
-0.102113 18.0992 -9.00146 0.177137 0 1 0 -0
-0.102113 18.0992 -27.0002 0.995328 -0.00313902 1 0 -0
-0.102113 25.8177 -26.679 0.995328 0.996862 1 0 -0
-0.102113 18.0992 -18.0008 0.177137 -0.00313902 1 0 -0
-0.102113 18.0992 26.9961 0.177137 0 -1 -0 -0
-0.102113 25.8177 26.6697 0.177137 1 -1 -0 -0
-0.102113 18.0992 17.9967 0.995328 0 -1 -0 -0
-0.102113 18.0992 17.9967 0.177137 0 -1 -0 -0
-0.102113 25.8177 17.7782 0.177137 1 -1 -0 -0
-0.102113 18.0992 8.9973 0.995328 0 -1 -0 -0
-0.102113 18.0992 8.9973 0.177137 0 -1 -0 -0
-0.102113 25.8177 8.88677 0.177137 1 -1 -0 -0
-0.102113 18.0992 -0.002086 0.995328 0 -1 -0 -0
-0.102113 18.0992 -9.00146 0.995328 0 -1 -0 -0
-0.102113 18.0992 -0.002086 0.177137 0 -1 -0 -0
-0.102113 25.8177 -8.89612 0.995328 1 -1 -0 -0
-0.102113 18.0992 -18.0008 0.995328 0 -1 -0 -0
-0.102113 18.0992 -9.00146 0.177137 0 -1 -0 -0
-0.102113 25.8177 -17.7876 0.995328 1 -1 -0 -0
-0.102113 18.0992 -27.0002 0.995328 0 -1 -0 -0
-0.102113 18.0992 -18.0008 0.177137 0 -1 -0 -0
-0.102113 25.8177 -26.679 0.995328 1 -1 -0 -0
0.213499 26.0512 -26.2893 0.007292 0.063873 0.496 -0.0381 0.8675
-0.213499 26.0512 -26.2893 0.030578 0.062936 -0.7469 0.6358 0.1946
-0.213499 -0.035959 -27.4067 0.030578 0.995299 -0.4971 -0.0371 0.8669
-0.213499 26.0512 -26.2893 0.030578 0.062936 -0.7469 0.6358 0.1946
-0.426998 26.0749 -26.6586 0.05637 0.062209 -0.509 0.67 -0.5404
-0.426998 -0.012279 -27.776 0.05637 0.996026 -1 -0.0003 0.0067
-0.426998 26.0749 -26.6586 0.05637 0.062209 -0.509 0.67 -0.5404
-0.213499 26.0986 -27.0279 0.085771 0.061911 0.2539 0.6769 -0.6909
-0.213499 0.0114 -28.1453 0.085773 0.996325 -0.503 0.037 -0.8635
-0.213499 26.0986 -27.0279 0.085771 0.061911 0.2539 0.6769 -0.6909
0.213499 26.0986 -27.0279 0.115174 0.062209 0.7514 0.6507 -0.1094
0.213499 0.0114 -28.1453 0.115174 0.996026 0.503 0.037 -0.8635
0.426998 26.0749 -26.6586 0.140966 0.062936 1 0.0017 -0.0067
0.426998 -0.012279 -27.776 0.140965 0.995299 1 -0.0003 0.0067
0.213499 0.0114 -28.1453 0.115174 0.996026 0.503 0.037 -0.8635
0.213499 26.0512 -26.2893 0.164254 0.063873 0.496 -0.0381 0.8675
0.213499 -0.035959 -27.4067 0.164252 0.994362 0.4971 -0.0371 0.8669
0.426998 -0.012279 -27.776 0.140965 0.995299 1 -0.0003 0.0067
0.213499 26.1345 27.0279 0.007292 0.063873 0.5043 0.038 0.8627
-0.213499 26.1345 27.0279 0.030578 0.062936 -0.7514 0.6507 0.1094
-0.213499 0.047363 28.1453 0.030578 0.995299 -0.503 0.037 0.8635
-0.426998 26.1108 26.6586 0.05637 0.062209 -1 0.0017 0.0067
-0.426998 0.023684 27.776 0.05637 0.996026 -1 -0.0003 -0.0068
-0.213499 0.047363 28.1453 0.030578 0.995299 -0.503 0.037 0.8635
-0.213499 26.0872 26.2893 0.085771 0.061911 -0.5031 -0.0379 -0.8634
-0.213499 4e-006 27.4067 0.085773 0.996325 -0.4971 -0.0371 -0.8669
-0.426998 0.023684 27.776 0.05637 0.996026 -1 -0.0003 -0.0068
-0.213499 26.0872 26.2893 0.085771 0.061911 -0.5031 -0.0379 -0.8634
0.213499 26.0872 26.2893 0.115174 0.062209 0.7469 0.6358 -0.1946
0.213499 4e-006 27.4067 0.115174 0.996026 0.4971 -0.0371 -0.8669
0.213499 26.0872 26.2893 0.115174 0.062209 0.7469 0.6358 -0.1946
0.426998 26.1108 26.6586 0.140966 0.062936 0.509 0.67 0.5404
0.426998 0.023684 27.776 0.140965 0.995299 1 -0.0003 -0.0068
0.426998 26.1108 26.6586 0.140966 0.062936 0.509 0.67 0.5404
0.213499 26.1345 27.0279 0.164254 0.063873 0.5043 0.038 0.8627
0.213499 0.047363 28.1453 0.164252 0.994362 0.503 0.037 0.8635
-0.102113 25.8177 26.6697 0.177137 1 1 0 -0
-0.102113 18.0992 26.9961 0.177137 0 1 0 -0
-0.102113 18.0992 17.9967 0.995328 0 1 0 -0
-0.102113 25.8177 17.7782 0.177137 0.996862 1 0 -0
-0.102113 18.0992 17.9967 0.177137 -0.00313902 1 0 -0
-0.102113 18.0992 8.9973 0.995328 -0.00313902 1 0 -0
-0.102113 25.8177 8.88677 0.177137 1 1 0 -0
-0.102113 18.0992 8.9973 0.177137 0 1 0 -0
-0.102113 18.0992 -0.002086 0.995328 0 1 0 -0
-0.102113 25.8177 -8.89612 0.995328 0.996862 1 0 -0
-0.102113 25.8177 -0.004673 0.177137 0.996862 1 0 -0
-0.102113 18.0992 -0.002086 0.177137 -0.00313902 1 0 -0
-0.102113 25.8177 -17.7876 0.995328 1 1 0 -0
-0.102113 25.8177 -8.89612 0.177137 1 1 0 -0
-0.102113 18.0992 -9.00146 0.177137 0 1 0 -0
-0.102113 25.8177 -26.679 0.995328 0.996862 1 0 -0
-0.102113 25.8177 -17.7876 0.177137 0.996862 1 0 -0
-0.102113 18.0992 -18.0008 0.177137 -0.00313902 1 0 -0
-0.102113 25.8177 26.6697 0.177137 1 -1 -0 -0
-0.102113 25.8177 17.7782 0.995328 1 -1 -0 -0
-0.102113 18.0992 17.9967 0.995328 0 -1 -0 -0
-0.102113 25.8177 17.7782 0.177137 1 -1 -0 -0
-0.102113 25.8177 8.88677 0.995328 1 -1 -0 -0
-0.102113 18.0992 8.9973 0.995328 0 -1 -0 -0
-0.102113 25.8177 8.88677 0.177137 1 -1 -0 -0
-0.102113 25.8177 -0.004673 0.995328 1 -1 -0 -0
-0.102113 18.0992 -0.002086 0.995328 0 -1 -0 -0
-0.102113 18.0992 -0.002086 0.177137 0 -1 -0 -0
-0.102113 25.8177 -0.004673 0.177137 1 -1 -0 -0
-0.102113 25.8177 -8.89612 0.995328 1 -1 -0 -0
-0.102113 18.0992 -9.00146 0.177137 0 -1 -0 -0
-0.102113 25.8177 -8.89612 0.177137 1 -1 -0 -0
-0.102113 25.8177 -17.7876 0.995328 1 -1 -0 -0
-0.102113 18.0992 -18.0008 0.177137 0 -1 -0 -0
-0.102113 25.8177 -17.7876 0.177137 1 -1 -0 -0
-0.102113 25.8177 -26.679 0.995328 1 -1 -0 -0
