Vertex Count: 180

Data:

0.0916 -0.4788 -0.0003 0.9835 0.0642 0 -1 0
0.0009 -0.4788 0.091 0.9835 0.0545 0 -1 0
-0.0903 -0.4788 0.0003 0.9835 0.0449 0 -1 0
-0.0903 -0.4788 0.0003 0.9835 0.0449 0 -1 0
0.0004 -0.4788 -0.091 0.9835 0.0352 0 -1 0
0.0916 -0.4788 -0.0003 0.9835 0.0642 0 -1 0
0.0003 8.3818 -0.12 0.0813 0.0352 -0.7066 0.0847 -0.7026
0.0004 -0.4788 -0.091 0.9835 0.0352 -0.7091 -0.0023 -0.7051
-0.0903 -0.4788 0.0003 0.9835 0.0449 -0.7091 -0.0023 -0.7051
-0.0903 -0.4788 0.0003 0.9835 0.0449 -0.7091 -0.0023 -0.7051
-0.1194 8.3818 0.0003 0.0813 0.0449 -0.7066 0.0847 -0.7026
0.0003 8.3818 -0.12 0.0813 0.0352 -0.7066 0.0847 -0.7026
0.0005 8.6773 -0.0426 0.0587 0.0352 -0.7091 0 -0.7051
0.0003 8.3818 -0.12 0.0813 0.0352 -0.7066 0.0847 -0.7026
-0.1194 8.3818 0.0003 0.0813 0.0449 -0.7066 0.0847 -0.7026
-0.1194 8.3818 0.0003 0.0813 0.0449 -0.7066 0.0847 -0.7026
-0.0419 8.6773 0.0001 0.0587 0.0449 -0.7091 0 -0.7051
0.0005 8.6773 -0.0426 0.0587 0.0352 -0.7091 0 -0.7051
0.0003 8.9729 -0.12 0.0362 0.0352 -0.7085 0.0404 -0.7045
0.0005 8.6773 -0.0426 0.0587 0.0352 -0.7091 0 -0.7051
-0.0419 8.6773 0.0001 0.0587 0.0449 -0.7091 0 -0.7051
-0.0419 8.6773 0.0001 0.0587 0.0449 -0.7091 0 -0.7051
-0.1194 8.9729 0.0003 0.0362 0.0449 -0.7085 0.0404 -0.7045
0.0003 8.9729 -0.12 0.0362 0.0352 -0.7085 0.0404 -0.7045
0.0006 9.2684 -0 0.0136 0.04 -0.6816 0.276 -0.6777
0.0003 8.9729 -0.12 0.0362 0.0352 -0.7085 0.0404 -0.7045
-0.1194 8.9729 0.0003 0.0362 0.0449 -0.7085 0.0404 -0.7045
0.1207 8.3818 -0.0003 0.0813 0.0255 0.7026 0.0847 -0.7066
0.0916 -0.4788 -0.0003 0.9835 0.0255 0.7051 -0.0023 -0.7091
0.0004 -0.4788 -0.091 0.9835 0.0352 0.7051 -0.0023 -0.7091
0.0004 -0.4788 -0.091 0.9835 0.0352 0.7051 -0.0023 -0.7091
0.0003 8.3818 -0.12 0.0813 0.0352 0.7026 0.0847 -0.7066
0.1207 8.3818 -0.0003 0.0813 0.0255 0.7026 0.0847 -0.7066
0.0432 8.6773 -0.0001 0.0587 0.0255 0.7051 0 -0.7091
0.1207 8.3818 -0.0003 0.0813 0.0255 0.7026 0.0847 -0.7066
0.0003 8.3818 -0.12 0.0813 0.0352 0.7026 0.0847 -0.7066
0.0003 8.3818 -0.12 0.0813 0.0352 0.7026 0.0847 -0.7066
0.0005 8.6773 -0.0426 0.0587 0.0352 0.7051 0 -0.7091
0.0432 8.6773 -0.0001 0.0587 0.0255 0.7051 0 -0.7091
0.1207 8.9729 -0.0003 0.0362 0.0255 0.7045 0.0404 -0.7085
0.0432 8.6773 -0.0001 0.0587 0.0255 0.7051 0 -0.7091
0.0005 8.6773 -0.0426 0.0587 0.0352 0.7051 0 -0.7091
0.0005 8.6773 -0.0426 0.0587 0.0352 0.7051 0 -0.7091
0.0003 8.9729 -0.12 0.0362 0.0352 0.7045 0.0404 -0.7085
0.1207 8.9729 -0.0003 0.0362 0.0255 0.7045 0.0404 -0.7085
0.0006 9.2684 -0 0.0136 0.04 0.6777 0.276 -0.6816
0.1207 8.9729 -0.0003 0.0362 0.0255 0.7045 0.0404 -0.7085
0.0003 8.9729 -0.12 0.0362 0.0352 0.7045 0.0404 -0.7085
0.001 8.3818 0.12 0.0813 0.0545 0.7066 0.0847 0.7026
0.0009 -0.4788 0.091 0.9835 0.0545 0.7091 -0.0023 0.7051
0.0916 -0.4788 -0.0003 0.9835 0.0642 0.7091 -0.0023 0.7051
0.0916 -0.4788 -0.0003 0.9835 0.0642 0.7091 -0.0023 0.7051
0.1207 8.3818 -0.0003 0.0813 0.0642 0.7066 0.0847 0.7026
0.001 8.3818 0.12 0.0813 0.0545 0.7066 0.0847 0.7026
0.0008 8.6773 0.0426 0.0587 0.0545 0.7091 0 0.7051
0.001 8.3818 0.12 0.0813 0.0545 0.7066 0.0847 0.7026
0.1207 8.3818 -0.0003 0.0813 0.0642 0.7066 0.0847 0.7026
0.1207 8.3818 -0.0003 0.0813 0.0642 0.7066 0.0847 0.7026
0.0432 8.6773 -0.0001 0.0587 0.0642 0.7091 0 0.7051
0.0008 8.6773 0.0426 0.0587 0.0545 0.7091 0 0.7051
0.001 8.9729 0.12 0.0362 0.0545 0.7085 0.0404 0.7045
0.0008 8.6773 0.0426 0.0587 0.0545 0.7091 0 0.7051
0.0432 8.6773 -0.0001 0.0587 0.0642 0.7091 0 0.7051
0.0432 8.6773 -0.0001 0.0587 0.0642 0.7091 0 0.7051
0.1207 8.9729 -0.0003 0.0362 0.0642 0.7085 0.0404 0.7045
0.001 8.9729 0.12 0.0362 0.0545 0.7085 0.0404 0.7045
0.0006 9.2684 -0 0.0136 0.04 0.6816 0.276 0.6777
0.001 8.9729 0.12 0.0362 0.0545 0.7085 0.0404 0.7045
0.1207 8.9729 -0.0003 0.0362 0.0642 0.7085 0.0404 0.7045
-0.1194 8.3818 0.0003 0.0813 0.0449 -0.7026 0.0847 0.7066
-0.0903 -0.4788 0.0003 0.9835 0.0449 -0.7051 -0.0023 0.7091
0.0009 -0.4788 0.091 0.9835 0.0545 -0.7051 -0.0023 0.7091
0.0009 -0.4788 0.091 0.9835 0.0545 -0.7051 -0.0023 0.7091
0.001 8.3818 0.12 0.0813 0.0545 -0.7026 0.0847 0.7066
-0.1194 8.3818 0.0003 0.0813 0.0449 -0.7026 0.0847 0.7066
-0.0419 8.6773 0.0001 0.0587 0.0449 -0.7051 0 0.7091
-0.1194 8.3818 0.0003 0.0813 0.0449 -0.7026 0.0847 0.7066
0.001 8.3818 0.12 0.0813 0.0545 -0.7026 0.0847 0.7066
0.001 8.3818 0.12 0.0813 0.0545 -0.7026 0.0847 0.7066
0.0008 8.6773 0.0426 0.0587 0.0545 -0.7051 0 0.7091
-0.0419 8.6773 0.0001 0.0587 0.0449 -0.7051 0 0.7091
-0.1194 8.9729 0.0003 0.0362 0.0449 -0.7045 0.0404 0.7085
-0.0419 8.6773 0.0001 0.0587 0.0449 -0.7051 0 0.7091
0.0008 8.6773 0.0426 0.0587 0.0545 -0.7051 0 0.7091
0.0008 8.6773 0.0426 0.0587 0.0545 -0.7051 0 0.7091
0.001 8.9729 0.12 0.0362 0.0545 -0.7045 0.0404 0.7085
-0.1194 8.9729 0.0003 0.0362 0.0449 -0.7045 0.0404 0.7085
0.0006 9.2684 -0 0.0136 0.04 -0.6777 0.276 0.6816
-0.1194 8.9729 0.0003 0.0362 0.0449 -0.7045 0.0404 0.7085
0.001 8.9729 0.12 0.0362 0.0545 -0.7045 0.0404 0.7085
1.112 8.1567 -0 0.1506 0.1857 0 -0 -1
0.0455 7.3541 -0 0.0107 0.2994 -0 0 1
0.0455 8.2894 -0 0.0107 0.1669 1 0 0
0.0455 7.3541 -0 0.0107 0.2994 -0 0 1
1.112 8.1567 -0 0.1506 0.1857 0 -0 -1
1.112 7.4757 -0 0.1506 0.2822 0 -0 -1
2.1785 8.0795 -0 0.2906 0.1967 0 -0 -1
1.112 7.4757 -0 0.1506 0.2822 0 -0 -1
1.112 8.1567 -0 0.1506 0.1857 0 -0 -1
1.112 7.4757 -0 0.1506 0.2822 0 -0 -1
2.1785 8.0795 -0 0.2906 0.1967 0 -0 -1
2.1785 7.5302 -0 0.2906 0.2745 -0 -0 -1
3.245 8.0795 -0 0.4305 0.1967 0 -0 -1
2.1785 7.5302 -0 0.2906 0.2745 -0 -0 -1
2.1785 8.0795 -0 0.2906 0.1967 0 -0 -1
2.1785 7.5302 -0 0.2906 0.2745 -0 -0 -1
3.245 8.0795 -0 0.4305 0.1967 0 -0 -1
3.245 7.5302 -0 0.4305 0.2745 0 -0 -1
4.3115 8.0795 -0 0.5704 0.1967 0 -0 -1
3.245 7.5302 -0 0.4305 0.2745 0 -0 -1
3.245 8.0795 -0 0.4305 0.1967 0 -0 -1
3.245 7.5302 -0 0.4305 0.2745 0 -0 -1
4.3115 8.0795 -0 0.5704 0.1967 0 -0 -1
4.3115 7.5302 -0 0.5704 0.2745 -0 -0 -1
5.378 8.0795 -0 0.7103 0.1967 0 -0 -1
4.3115 7.5302 -0 0.5704 0.2745 -0 -0 -1
4.3115 8.0795 -0 0.5704 0.1967 0 -0 -1
4.3115 7.5302 -0 0.5704 0.2745 -0 -0 -1
5.378 8.0795 -0 0.7103 0.1967 0 -0 -1
5.378 7.5302 0 0.7103 0.2745 0 -0 -1
6.4445 8.0795 0 0.8502 0.1967 0 -0 -1
5.378 7.5302 0 0.7103 0.2745 0 -0 -1
5.378 8.0795 -0 0.7103 0.1967 0 -0 -1
5.378 7.5302 0 0.7103 0.2745 0 -0 -1
6.4445 8.0795 0 0.8502 0.1967 0 -0 -1
6.4445 7.5302 0 0.8502 0.2745 -0 0 1
6.5813 7.8188 0 0.8682 0.2336 0 -0 -1
6.4445 7.5302 0 0.8502 0.2745 -0 0 1
6.4445 8.0795 0 0.8502 0.1967 0 -0 -1
6.4445 7.5302 0 0.8502 0.2745 -0 0 1
6.5813 7.8188 0 0.8682 0.2336 0 -0 -1
7.5109 7.5302 0 0.9901 0.2745 1 0 0
7.5109 8.0795 0 0.9901 0.1967 -0 0 1
6.5813 7.8188 0 0.8682 0.2336 0 -0 -1
6.4445 8.0795 0 0.8502 0.1967 0 -0 -1
0.0455 7.3541 -0 0.0107 0.2994 -0 0 1
1.112 8.1567 -0 0.1506 0.1857 0 -0 -1
0.0455 8.2894 -0 0.0107 0.1669 1 0 0
1.112 8.1567 -0 0.1506 0.1857 0 -0 -1
0.0455 7.3541 -0 0.0107 0.2994 -0 0 1
1.112 7.4757 -0 0.1506 0.2822 0 -0 -1
1.112 7.4757 -0 0.1506 0.2822 0 -0 -1
2.1785 8.0795 -0 0.2906 0.1967 0 -0 -1
1.112 8.1567 -0 0.1506 0.1857 0 -0 -1
2.1785 8.0795 -0 0.2906 0.1967 0 -0 -1
1.112 7.4757 -0 0.1506 0.2822 0 -0 -1
2.1785 7.5302 -0 0.2906 0.2745 -0 -0 -1
2.1785 7.5302 -0 0.2906 0.2745 -0 -0 -1
3.245 8.0795 -0 0.4305 0.1967 0 -0 -1
2.1785 8.0795 -0 0.2906 0.1967 0 -0 -1
3.245 8.0795 -0 0.4305 0.1967 0 -0 -1
2.1785 7.5302 -0 0.2906 0.2745 -0 -0 -1
3.245 7.5302 -0 0.4305 0.2745 0 -0 -1
3.245 7.5302 -0 0.4305 0.2745 0 -0 -1
4.3115 8.0795 -0 0.5704 0.1967 0 -0 -1
3.245 8.0795 -0 0.4305 0.1967 0 -0 -1
4.3115 8.0795 -0 0.5704 0.1967 0 -0 -1
3.245 7.5302 -0 0.4305 0.2745 0 -0 -1
4.3115 7.5302 -0 0.5704 0.2745 -0 -0 -1
4.3115 7.5302 -0 0.5704 0.2745 -0 -0 -1
5.378 8.0795 -0 0.7103 0.1967 0 -0 -1
4.3115 8.0795 -0 0.5704 0.1967 0 -0 -1
5.378 8.0795 -0 0.7103 0.1967 0 -0 -1
4.3115 7.5302 -0 0.5704 0.2745 -0 -0 -1
5.378 7.5302 0 0.7103 0.2745 0 -0 -1
5.378 7.5302 0 0.7103 0.2745 0 -0 -1
6.4445 8.0795 0 0.8502 0.1967 0 -0 -1
5.378 8.0795 -0 0.7103 0.1967 0 -0 -1
6.4445 8.0795 0 0.8502 0.1967 0 -0 -1
5.378 7.5302 0 0.7103 0.2745 0 -0 -1
6.4445 7.5302 0 0.8502 0.2745 -0 0 1
6.4445 7.5302 0 0.8502 0.2745 -0 0 1
6.5813 7.8188 0 0.8682 0.2336 0 -0 -1
6.4445 8.0795 0 0.8502 0.1967 0 -0 -1
6.5813 7.8188 0 0.8682 0.2336 0 -0 -1
6.4445 7.5302 0 0.8502 0.2745 -0 0 1
7.5109 7.5302 0 0.9901 0.2745 1 0 0
6.5813 7.8188 0 0.8682 0.2336 0 -0 -1
7.5109 8.0795 0 0.9901 0.1967 -0 0 1
6.4445 8.0795 0 0.8502 0.1967 0 -0 -1
