Vertex Count: 123

Data:

0.3114 -1.6275 -0.0009 0.9835 0.0642 0 -1 0
0.0031 -1.6275 0.3092 0.9835 0.0545 0 -1 0
-0.307 -1.6275 0.0009 0.9835 0.0449 0 -1 0
0.001 28.493 -0.4079 0.0813 0.0352 -0.7066 0.0847 -0.7026
0.0013 -1.6275 -0.3092 0.9835 0.0352 -0.7091 -0.0023 -0.7051
-0.307 -1.6275 0.0009 0.9835 0.0449 -0.7091 -0.0023 -0.7051
0.0018 29.4977 -0.1447 0.0587 0.0352 -0.7091 0 -0.7051
0.001 28.493 -0.4079 0.0813 0.0352 -0.7066 0.0847 -0.7026
-0.4057 28.493 0.0012 0.0813 0.0449 -0.7066 0.0847 -0.7026
0.001 30.5024 -0.4079 0.0362 0.0352 -0.7085 0.0404 -0.7045
0.0018 29.4977 -0.1447 0.0587 0.0352 -0.7091 0 -0.7051
-0.1425 29.4977 0.0004 0.0587 0.0449 -0.7091 0 -0.7051
0.0022 31.5071 -0 0.0136 0.04 -0.6816 0.276 -0.6777
0.001 30.5024 -0.4079 0.0362 0.0352 -0.7085 0.0404 -0.7045
-0.4057 30.5024 0.0012 0.0362 0.0449 -0.7085 0.0404 -0.7045
0.4101 28.493 -0.0012 0.0813 0.0255 0.7026 0.0847 -0.7066
0.3114 -1.6275 -0.0009 0.9835 0.0255 0.7051 -0.0023 -0.7091
0.0013 -1.6275 -0.3092 0.9835 0.0352 0.7051 -0.0023 -0.7091
0.1469 29.4977 -0.0004 0.0587 0.0255 0.7051 0 -0.7091
0.4101 28.493 -0.0012 0.0813 0.0255 0.7026 0.0847 -0.7066
0.001 28.493 -0.4079 0.0813 0.0352 0.7026 0.0847 -0.7066
0.4101 30.5024 -0.0012 0.0362 0.0255 0.7045 0.0404 -0.7085
0.1469 29.4977 -0.0004 0.0587 0.0255 0.7051 0 -0.7091
0.0018 29.4977 -0.1447 0.0587 0.0352 0.7051 0 -0.7091
0.0022 31.5071 -0 0.0136 0.04 0.6777 0.276 -0.6816
0.4101 30.5024 -0.0012 0.0362 0.0255 0.7045 0.0404 -0.7085
0.001 30.5024 -0.4079 0.0362 0.0352 0.7045 0.0404 -0.7085
0.0034 28.493 0.4079 0.0813 0.0545 0.7066 0.0847 0.7026
0.0031 -1.6275 0.3092 0.9835 0.0545 0.7091 -0.0023 0.7051
0.3114 -1.6275 -0.0009 0.9835 0.0642 0.7091 -0.0023 0.7051
0.0026 29.4977 0.1447 0.0587 0.0545 0.7091 0 0.7051
0.0034 28.493 0.4079 0.0813 0.0545 0.7066 0.0847 0.7026
0.4101 28.493 -0.0012 0.0813 0.0642 0.7066 0.0847 0.7026
0.0034 30.5024 0.4079 0.0362 0.0545 0.7085 0.0404 0.7045
0.0026 29.4977 0.1447 0.0587 0.0545 0.7091 0 0.7051
0.1469 29.4977 -0.0004 0.0587 0.0642 0.7091 0 0.7051
0.0022 31.5071 -0 0.0136 0.04 0.6816 0.276 0.6777
0.0034 30.5024 0.4079 0.0362 0.0545 0.7085 0.0404 0.7045
0.4101 30.5024 -0.0012 0.0362 0.0642 0.7085 0.0404 0.7045
-0.4057 28.493 0.0012 0.0813 0.0449 -0.7026 0.0847 0.7066
-0.307 -1.6275 0.0009 0.9835 0.0449 -0.7051 -0.0023 0.7091
0.0031 -1.6275 0.3092 0.9835 0.0545 -0.7051 -0.0023 0.7091
-0.1425 29.4977 0.0004 0.0587 0.0449 -0.7051 0 0.7091
-0.4057 28.493 0.0012 0.0813 0.0449 -0.7026 0.0847 0.7066
0.0034 28.493 0.4079 0.0813 0.0545 -0.7026 0.0847 0.7066
-0.4057 30.5024 0.0012 0.0362 0.0449 -0.7045 0.0404 0.7085
-0.1425 29.4977 0.0004 0.0587 0.0449 -0.7051 0 0.7091
0.0026 29.4977 0.1447 0.0587 0.0545 -0.7051 0 0.7091
0.0022 31.5071 -0 0.0136 0.04 -0.6777 0.276 0.6816
-0.4057 30.5024 0.0012 0.0362 0.0449 -0.7045 0.0404 0.7085
0.0034 30.5024 0.4079 0.0362 0.0545 -0.7045 0.0404 0.7085
3.7802 25.413 -0 0.1506 0.2822 -0 -0 -1
0.1548 24.9996 -0 0.0107 0.2994 -0 -0 -1
0.1548 28.179 -0 0.0107 0.1669 1 0 0
7.4056 25.5981 -0 0.2906 0.2745 -0 -0 -1
3.7802 25.413 -0 0.1506 0.2822 -0 -0 -1
3.7802 27.728 -0 0.1506 0.1857 -0 -0 -1
11.031 25.5981 -0 0.4305 0.2745 -0 -0 -1
7.4056 25.5981 -0 0.2906 0.2745 -0 -0 -1
7.4056 27.4655 -0 0.2906 0.1967 -0 -0 -1
14.6565 25.5981 -0 0.5704 0.2745 -0 -0 -1
11.031 25.5981 -0 0.4305 0.2745 -0 -0 -1
11.031 27.4655 -0 0.4305 0.1967 -0 -0 -1
18.2819 25.5981 -0 0.7103 0.2745 -0 -0 -1
14.6565 25.5981 -0 0.5704 0.2745 -0 -0 -1
14.6565 27.4655 -0 0.5704 0.1967 -0 -0 -1
21.9073 25.5981 -0 0.8502 0.2745 -0 -0 -1
18.2819 25.5981 -0 0.7103 0.2745 -0 -0 -1
18.2819 27.4655 -0 0.7103 0.1967 -0 -0 -1
22.3726 26.5794 -0 0.8682 0.2336 -0 -0 -1
21.9073 25.5981 -0 0.8502 0.2745 -0 -0 -1
21.9073 27.4655 -0 0.8502 0.1967 -0 -0 -1
21.9073 25.5981 -0 0.8502 0.2745 -0 -0 -1
22.3726 26.5794 -0 0.8682 0.2336 -0 -0 -1
25.5327 25.5981 -0 0.9901 0.2745 1 0 0
25.5327 27.4655 -0 0.9901 0.1967 0 0 1
22.3726 26.5794 -0 0.8682 0.2336 -0 -0 -1
21.9073 27.4655 -0 0.8502 0.1967 -0 -0 -1
0.1548 24.9996 -0 0.0107 0.2994 0 0 1
3.7802 27.728 -0 0.1506 0.1857 0 0 1
0.1548 28.179 -0 0.0107 0.1669 1 0 0
3.7802 27.728 -0 0.1506 0.1857 0 0 1
0.1548 24.9996 -0 0.0107 0.2994 0 0 1
3.7802 25.413 -0 0.1506 0.2822 -0 -0 -1
3.7802 25.413 -0 0.1506 0.2822 0 0 1
7.4056 27.4655 -0 0.2906 0.1967 0 0 1
3.7802 27.728 -0 0.1506 0.1857 -0 -0 -1
7.4056 27.4655 -0 0.2906 0.1967 0 0 1
3.7802 25.413 -0 0.1506 0.2822 0 0 1
7.4056 25.5981 -0 0.2906 0.2745 -0 -0 -1
7.4056 25.5981 -0 0.2906 0.2745 0 0 1
11.031 27.4655 -0 0.4305 0.1967 0 0 1
7.4056 27.4655 -0 0.2906 0.1967 -0 -0 -1
11.031 27.4655 -0 0.4305 0.1967 0 0 1
7.4056 25.5981 -0 0.2906 0.2745 0 0 1
11.031 25.5981 -0 0.4305 0.2745 -0 -0 -1
11.031 25.5981 -0 0.4305 0.2745 0 0 1
14.6565 27.4655 -0 0.5704 0.1967 0 0 1
11.031 27.4655 -0 0.4305 0.1967 -0 -0 -1
14.6565 27.4655 -0 0.5704 0.1967 0 0 1
11.031 25.5981 -0 0.4305 0.2745 0 0 1
14.6565 25.5981 -0 0.5704 0.2745 -0 -0 -1
14.6565 25.5981 -0 0.5704 0.2745 0 0 1
18.2819 27.4655 -0 0.7103 0.1967 0 0 1
14.6565 27.4655 -0 0.5704 0.1967 -0 -0 -1
18.2819 27.4655 -0 0.7103 0.1967 0 0 1
14.6565 25.5981 -0 0.5704 0.2745 0 0 1
18.2819 25.5981 -0 0.7103 0.2745 -0 -0 -1
18.2819 25.5981 -0 0.7103 0.2745 0 0 1
21.9073 27.4655 -0 0.8502 0.1967 0 0 1
18.2819 27.4655 -0 0.7103 0.1967 -0 -0 -1
21.9073 27.4655 -0 0.8502 0.1967 0 0 1
18.2819 25.5981 -0 0.7103 0.2745 0 0 1
21.9073 25.5981 -0 0.8502 0.2745 -0 -0 -1
21.9073 25.5981 -0 0.8502 0.2745 -0 -0 -1
22.3726 26.5794 -0 0.8682 0.2336 0 0 1
21.9073 27.4655 -0 0.8502 0.1967 0 0 1
22.3726 26.5794 -0 0.8682 0.2336 0 0 1
21.9073 25.5981 -0 0.8502 0.2745 0 0 1
25.5327 25.5981 -0 0.9901 0.2745 1 0 0
22.3726 26.5794 -0 0.8682 0.2336 0 0 1
25.5327 27.4655 -0 0.9901 0.1967 0 0 1
21.9073 27.4655 -0 0.8502 0.1967 0 0 1
